[datamodels/Internet_of_Things]
version = 6.5.0
modtime = 1479152891.292164000

[models/Internet_of_Things]
version = 6.5.0
modtime = 1479152891.296624000
